J =

   0.0069315   0.0069315   0.0069315
   0.0069315   0.0069315   0.0069315
   0.0069315   0.0069315   0.0069315
   0.0069315   0.0069315   0.0069315
   0.0069315   0.0069315   0.0069315
   0.0069315   0.0069315   0.0069315
   0.0069315   0.0069315   0.0069315
   0.0069315   0.0069315   0.0069315
   0.0069315   0.0069315   0.0069315
   0.0069315   0.0069315   0.0069315
   0.0069315   0.0069315   0.0069315
   0.0069315   0.0069315   0.0069315
   0.0069315   0.0069315   0.0069315
   0.0069315   0.0069315   0.0069315
   0.0069315   0.0069315   0.0069315
   0.0069315   0.0069315   0.0069315
   0.0069315   0.0069315   0.0069315
   0.0069315   0.0069315   0.0069315
   0.0069315   0.0069315   0.0069315
   0.0069315   0.0069315   0.0069315
   0.0069315   0.0069315   0.0069315
   0.0069315   0.0069315   0.0069315
   0.0069315   0.0069315   0.0069315
   0.0069315   0.0069315   0.0069315
   0.0069315   0.0069315   0.0069315
   0.0069315   0.0069315   0.0069315
   0.0069315   0.0069315   0.0069315
   0.0069315   0.0069315   0.0069315
   0.0069315   0.0069315   0.0069315
   0.0069315   0.0069315   0.0069315
   0.0069315   0.0069315   0.0069315
   0.0069315   0.0069315   0.0069315
   0.0069315   0.0069315   0.0069315
   0.0069315   0.0069315   0.0069315
   0.0069315   0.0069315   0.0069315
   0.0069315   0.0069315   0.0069315
   0.0069315   0.0069315   0.0069315
   0.0069315   0.0069315   0.0069315
   0.0069315   0.0069315   0.0069315
   0.0069315   0.0069315   0.0069315
   0.0069315   0.0069315   0.0069315
   0.0069315   0.0069315   0.0069315
   0.0069315   0.0069315   0.0069315
   0.0069315   0.0069315   0.0069315
   0.0069315   0.0069315   0.0069315
   0.0069315   0.0069315   0.0069315
   0.0069315   0.0069315   0.0069315
   0.0069315   0.0069315   0.0069315
   0.0069315   0.0069315   0.0069315
   0.0069315   0.0069315   0.0069315
   0.0069315   0.0069315   0.0069315
   0.0069315   0.0069315   0.0069315
   0.0069315   0.0069315   0.0069315
   0.0069315   0.0069315   0.0069315
   0.0069315   0.0069315   0.0069315
   0.0069315   0.0069315   0.0069315
   0.0069315   0.0069315   0.0069315
   0.0069315   0.0069315   0.0069315
   0.0069315   0.0069315   0.0069315
   0.0069315   0.0069315   0.0069315
   0.0069315   0.0069315   0.0069315
   0.0069315   0.0069315   0.0069315
   0.0069315   0.0069315   0.0069315
   0.0069315   0.0069315   0.0069315
   0.0069315   0.0069315   0.0069315
   0.0069315   0.0069315   0.0069315
   0.0069315   0.0069315   0.0069315
   0.0069315   0.0069315   0.0069315
   0.0069315   0.0069315   0.0069315
   0.0069315   0.0069315   0.0069315
   0.0069315   0.0069315   0.0069315
   0.0069315   0.0069315   0.0069315
   0.0069315   0.0069315   0.0069315
   0.0069315   0.0069315   0.0069315
   0.0069315   0.0069315   0.0069315
   0.0069315   0.0069315   0.0069315
   0.0069315   0.0069315   0.0069315
   0.0069315   0.0069315   0.0069315
   0.0069315   0.0069315   0.0069315
   0.0069315   0.0069315   0.0069315
   0.0069315   0.0069315   0.0069315
   0.0069315   0.0069315   0.0069315
   0.0069315   0.0069315   0.0069315
   0.0069315   0.0069315   0.0069315
   0.0069315   0.0069315   0.0069315
   0.0069315   0.0069315   0.0069315
   0.0069315   0.0069315   0.0069315
   0.0069315   0.0069315   0.0069315
   0.0069315   0.0069315   0.0069315
   0.0069315   0.0069315   0.0069315
   0.0069315   0.0069315   0.0069315
   0.0069315   0.0069315   0.0069315
   0.0069315   0.0069315   0.0069315
   0.0069315   0.0069315   0.0069315
   0.0069315   0.0069315   0.0069315
   0.0069315   0.0069315   0.0069315
   0.0069315   0.0069315   0.0069315
   0.0069315   0.0069315   0.0069315
   0.0069315   0.0069315   0.0069315
   0.0069315   0.0069315   0.0069315

